# Frame list with one line of data per frame:
#   FRAME_ID, RIG_ID, RIG_FROM_WORLD[QW, QX, QY, QZ, TX, TY, TZ], NUM_DATA_IDS, DATA_IDS[] as (SENSOR_TYPE, SENSOR_ID, DATA_ID)
# Number of frames: 30
1 1 0.99725391684187314 0.031243597161254258 -0.050691500570754396 0.044032201283300036 0.31985816700591224 -2.1190136143236931 -0.28159520245312109 1 CAMERA 1 1
2 1 0.99716236476942632 0.034305364589297518 -0.050578527740178875 0.043956487342337404 0.31676552632985416 -2.1109473655582418 -0.33038655946826034 1 CAMERA 1 2
3 1 0.99701315576871519 0.038192702799054908 -0.050859312481851868 0.043811128847408884 0.31893782895408263 -2.1254572500790876 -0.40931971012643276 1 CAMERA 1 3
4 1 0.9967060017161351 0.046430928659569742 -0.050225396172420139 0.043574356979409486 0.3234848778249545 -2.1251645293247226 -0.56026252358629702 1 CAMERA 1 4
5 1 0.99654245583942747 0.05276725808318225 -0.048202374484882349 0.042370759704365227 0.32153048752986341 -2.1468838405449433 -0.76212999945209181 1 CAMERA 1 5
6 1 0.99571926958141055 0.063741623805194034 -0.051425460104685981 0.042843478289708685 0.33144032939420814 -2.107572450309807 -0.86785720189467186 1 CAMERA 1 6
7 1 0.99570774860368183 0.064780739817037511 -0.050540033465319052 0.042605635034220123 0.33939779055293773 -2.1061848585159497 -0.93896539439668647 1 CAMERA 1 7
8 1 0.99577011952246142 0.063160188075356047 -0.051106623261676115 0.042904227848754223 0.34286058985987405 -2.1075435859851432 -0.89047670923920774 1 CAMERA 1 8
9 1 0.99600710972621154 0.058656497487220724 -0.051589661348513942 0.043217583450673218 0.32646025040369625 -2.098027034638569 -0.74320589657157998 1 CAMERA 1 9
10 1 0.9958488555239019 0.062297685694635514 -0.050738141066423 0.042774950028620695 0.33312595396587441 -2.0928465785173862 -0.85804638124546162 1 CAMERA 1 10
11 1 0.99599766927347111 0.059997987329211688 -0.050289640054290485 0.043125820820790382 0.3350224353783034 -2.1127841225249879 -0.79257212798111387 1 CAMERA 1 11
12 1 0.9955634478947204 0.066969264534076367 -0.050336994459625299 0.042833699495990495 0.3457137748536746 -2.1033666058563449 -0.94465631502919467 1 CAMERA 1 12
13 1 0.99534726491576564 0.070068073839017378 -0.050556459388658083 0.042641900371322906 0.34725934113995494 -2.0980127018761561 -1.0069583900708503 1 CAMERA 1 13
14 1 0.99476085349011778 0.077941597650675404 -0.050915352794699949 0.042232435035929092 0.34530273958146052 -2.0912000288076893 -1.1447417088075833 1 CAMERA 1 14
15 1 0.99526369119192926 0.071729967388922011 -0.050146335552644049 0.042312430845342371 0.33852417847004151 -2.0843970614153156 -1.0000418374910822 1 CAMERA 1 15
16 1 0.99510808673969409 0.073387011298177443 -0.050663540029603681 0.042514091659771457 0.34557690034816335 -2.098145024358026 -1.0602460784602203 1 CAMERA 1 16
17 1 0.99464757937645321 0.079062889569333619 -0.051396070913840172 0.042233828007050292 0.34059050603683527 -2.0749024069154309 -1.1353904615850459 1 CAMERA 1 17
18 1 0.99348021701098399 0.091812975691599255 -0.053195111237410574 0.041685921399215335 0.40724875129481702 -2.0374152908762251 -1.4881428685861242 1 CAMERA 1 18
19 1 0.99458091024073991 0.078255245164258538 -0.054187909429694328 0.041816265503061098 0.32728194209458306 -2.094544111069395 -1.1223208102946549 1 CAMERA 1 19
20 1 0.99335901224080869 0.093341548669098551 -0.05297326721019173 0.041461561151226033 0.40629204538563785 -2.0300401958303675 -1.4816875259930748 1 CAMERA 1 20
21 1 0.9936032921570328 0.09032260156499386 -0.053504115259506914 0.04161292000731389 0.3987755999711593 -2.033809945666945 -1.4264039376525268 1 CAMERA 1 21
22 1 0.97609472269889841 0.21493699153556683 0.0017567111572722876 0.032219496503053995 -0.99869901916505976 3.6733342903032322 1.4673284826849917 1 CAMERA 1 22
23 1 0.96967600035329027 0.24120432088945323 -0.012932677725862617 0.037170899504081097 -0.59626820770787492 3.9670040780115201 3.5354990391513272 1 CAMERA 1 23
24 1 0.97175211764901848 0.23221999027598533 0.010591897295389173 0.040737079823588901 -0.15168795862664489 4.7436306705964491 4.0505743162301755 1 CAMERA 1 24
25 1 0.96600175326245652 0.25442656426714422 0.019335940837459466 0.041639614323467508 0.45971580530678913 4.7680436861824651 4.3980672534490761 1 CAMERA 1 25
26 1 0.96523616286155034 0.25628228176371465 0.02077406796408254 0.046978506346184175 -0.48798626469015216 4.9038113268353234 5.3821517369847598 1 CAMERA 1 26
27 1 0.96488388407712333 0.25729619972899398 0.031266259236146392 0.042663531108431858 -0.69284417189186853 4.7991689750815398 6.3688141496929012 1 CAMERA 1 27
28 1 0.96316717636527516 0.26030535769730956 0.029870047155779119 0.060480504375627894 -0.63710353159534394 4.7311400576817739 5.9171645534256987 1 CAMERA 1 28
29 1 0.96476256806158189 0.25776304533226663 0.032611471430920934 0.041567916225950866 -1.0199667636906726 4.3975639479401964 5.956035083564621 1 CAMERA 1 29
30 1 0.96186615244530971 0.26763678751722664 0.020632953876929708 0.052519862545779616 -1.1716385884936289 4.4107388166441339 5.7648404258151098 1 CAMERA 1 30
